%YAML:1.0
---
rms: 0.06715669874040491871269864532223
Kl: !!opencv-matrix
   rows: 3
   cols: 3
   dt: d
   data: [ 2564.44163335774373990716412663459778, 0., 626.10251854965849815926048904657364, 0.,
       2565.68590135838758214958943426609039, 511.45913670936010930745396763086319, 0., 0., 1. ]
Dl: !!opencv-matrix
   rows: 1
   cols: 5
   dt: d
   data: [ -0.06914091553712801985209779331853, 0.27408303771147279892517190091894,
        0.00012490450990338837467495680666, 0.00027195163849060065373169914338, 0]
Kr: !!opencv-matrix
   rows: 3
   cols: 3
   dt: d
   data: [ 2557.25319475117430556565523147583008, 0., 639.11000781587222263624425977468491, 0.,
       2557.35067686535239772638306021690369, 501.29601748946237194104469381272793, 0., 0., 1. ]
Dr: !!opencv-matrix
   rows: 1
   cols: 5
   dt: d
   data: [ -0.06293891853386161805428145044061, 0.22797213889075504389403192817554,
       -0.0000202391486181604524769144654, -0.00006272320670026724272888563050, 0]
R: !!opencv-matrix
   rows: 3
   cols: 3
   dt: d
   data: [ 0.98280505397739270634360764233861, 0.00202917390783394820802376656843, 0.18463506798478443449162966771837, 
           -0.00223428837288405270078417430568, 0.99999709638432021652221237673075, 0.00090287230286251749303283453685,
           -0.18463269979058691272477688016806, -0.00129987544797455006548303479974, 0.98280673404889673516748871406890]
T: !!opencv-matrix
   rows: 3
   cols: 1
   dt: d
   data: [ -68.95008948268932158498500939458609, 0.24823152750317337145169460654870,
       8.07026668650088119250085583189502 ]
